0
128
15837
27055
27068
27085
27503
27504
27626
27629
27646
27745
27857
27858
31274
36209
36217
57389
57973
58136
58143
58151
58244
58245
58246
58313
58314
58315
58316
58317
58318
58358
58365
58371
58372
58411
58420
58421
58458
58530
58635
58638
58651
58682
58740
58796
59733
59760
59767
59805
59813
59816
59949
60061
60639
60799
60805
60853
60854
60872
61012
61017
61318
61491
61506
61507
61739
61820
61875
62125
62134
62143
62162
62169
62209
62232
62248
62303
62477
62543
62566
62573
62583
62585
62594
62602
62856
62864
62879
63170
63448
63610
63620
63621
63770
63778
63815
63827
63836
63853
63863
63870
63889
63902
63906
63917
64119
64822
64823
65047
65050
65781
65827
65828
65847
65969
65978
65979
65980
65992
66004
66005
66011
66032
66043
66120
66259
66766
66767
66908
66909
66910
67149
67260
67421
67423
67424
67425
67426
67427
67428
67429
67430
67431
67432
67433
67434
67435
67436
67437
67438
67439
68204
68254
68255
68262
68263
68315
68501
68502
68503
70639
70641
70650
70652
70658
70660
70669
70675
70678
70684
70687
70693
70695
70701
70703
70716
70718
70724
70726
70812
70814
70820
70822
70830
70976
70982
70994
71000
71002
71007
71008
71028
71031
71073
71074
71092
71093
71207
71210
71226
71231
71244
71249
71539
71601
71621
71787
71788
72638
72639
72640
72744
72745
72746
72795
72796
72797
72805
72810
72816
72819
72822
72825
72843
72844
72845
72909
73020
73021
73022
73023
73024
73025
73041
73048
73221
73232
73238
73245
73251
73269
73307
73308
73309
73310
73938
74049
74050
74055
74056
74072
74073
74074
74156
74157
74158
74159
74438
74548
74549
74550
74552
74554
74560
74562
74568
74570
74731
74746
74753
74763
74928
74930
74932
74940
74942
74953
75100
75154
75157
75171
75178
75183
75184
75185
75186
75216
75229
75235
75319
75494
75510
75612
75616
75626
75627
75634
75664
75669
75803
75824
75898
75899
75900
75912
75913
75914
76136
76150
76177
76184
76191
76197
76201
76202
76203
76213
76214
76215
76216
76324
76336
76343
76347
76354
76364
76373
76384
76425
76429
76431
76435
76450
76907
76908
76909
77184
77185
77187
77188
77189
77192
77193
77194
77198
77199
77200
77201
77202
77203
77221
77222
77232
77233
77239
77240
77247
77248
77337
77342
77349
77356
77359
77364
77367
77373
77376
77380
77425
77436
77437
77444
77445
77662
77882
77883
77884
77969
77970
77971
78236
78237
78239
78240
78242
78243
78465
78498
78505
78512
78683
78684
78685
78698
78736
78740
78748
78751
78777
78785
78786
78792
78793
78812
78823
78832
78836
78839
78849
78852
78857
78863
78865
78870
78884
78891
78909
78912
78917
78919
78926
78928
79007
79008
79009
79106
79108
79117
79118
79133
79134
79422
79603
79605
79606
79931
80463
80539
80540
80592
80654
80684
80685
80687
80745
80756
80757
81011
81285
81296
81301
81375
81376
81378
81379
81381
81382
81653
81713
81725
81733
81749
81914
81915
81916
81917
81972
81973
81985
81986
81993
81994
82072
82073
82081
82296
82297
82298
82527
82537
82538
82549
82578
82579
82610
82611
82612
82613
82614
82615
82683
82733
82755
82758
82759
83295
83296
83297
84031
84032
84034
84035
84037
84038
84107
84108
84122
84123
84124
84125
84303
84305
84590
84591
84667
84668
84669
84670
84706
84743
84814
84882
84890
84896
85212
85213
85214
85368
85373
85376
85580
85582
85583
85585
85586
85589
85591
85592
85594
85595
85597
85598
85625
85762
86040
86052
86088
86093
86096
86097
86111
86112
86341
86345
86351
86352
86358
86359
86395
86396
86397
86399
86446
86460
86468
86616
86628
86637
86657
86660
86669
86670
86677
86678
86751
86755
86764
86765
86774
86775
86782
86799
86800
86801
86808
86809
87000
87002
87010
87011
87018
87019
87289
87433
87650
87660
87668
87690
87704
87712
87882
87883
87884
87999
88014
88023
88024
88031
88035
88044
88045
88053
88054
88061
88071
88080
88367
88375
88383
88560
88571
88639
88642
88676
88679
88809
88881
88892
88903
89146
89155
89163
89204
89207
89252
89255
89258
89528
89531
89618
89812
89813
89819
89822
89823
89828
89829
89831
89832
89835
89836
89837
89886
89891
90074
90147
90154
90156
90158
90164
90166
91203
92305
92374
92375
92379
92380
92384
92428
92521
92807
92809
92816
92818
92898
92900
92901
92903
92904
92905
92907
92908
92910
92911
92914
92916
93076
93077
93102
93104
93189
93190
93191
93192
93193
93203
93213
93225
93227
93234
93236
94026
94036
94052
94119
94569
95150
95718
95720
95721
95722
95724
96455
96477
96679
96682
96764
96818
96906
96908
96909
96911
96915
96917
96918
96920
96927
96940
97026
97027
97034
97035
97173
97175
97181
97182
97210
97213
97219
97221
97281
97284
97307
97309
97346
97358
97371
97372
97559
97560
97562
97563
97639
97642
97648
97650
97677
97696
97766
97771
97803
97806
97817
97819
97826
97830
97845
97848
97885
97896
97938
97952
97989
97990
98006
98007
98016
98019
98030
98033
98128
98139
98152
98225
98780
98784
98869
98895
98896
98897
99139
99141
99167
99187
99189
99197
99201
99203
99208
99210
99506
99508
99567
99568
99802
99803
99832
99833
99846
99937
99967
99977
100064
100080
100082
100090
100092
100098
100100
100106
100108
100349
100361
100411
100412
100422
100431
100433
100441
100443
100449
100451
100457
100459
100658
100660
100667
100669
100676
100678
100685
100687
100752
100753
100773
100775
100784
100786
100978
100980
100986
100988
100994
100996
101002
101004
101154
101159
101164
101166
101173
101175
101183
101185
101462
101527
101541
101547
101549
101567
101569
101662
101664
101679
101681
101692
101694
101699
101701
102070
102137
102145
102170
102194
102202
102426
102434
102552
102553
102595
102607
102619
102620
102625
102627
102775
102783
102989
103207
103223
104811
104812
104813
104814
104964
104966
105524
105627
105629
105636
105638
105645
105647
105678
106017
107258
107272
107310
107929
108049
108050
108094
108096
108177
108185
108187
108196
108222
108242
108266
108389
108695
108697
108752
109066
109453
109455
109471
109473
109493
109495
109609
109790
110136
110816
110829
110831
110840
110859
110860
110877
110912
110922
110923
110928
110940
110951
110953
110985
110987
111092
111150
111151
111154
111353
111467
111644
111708
112022
112361
112362
112363
112364
112365
112366
112368
112370
112372
112373
112377
112411
112413
112419
112420
112422
112425
112427
112550
112554
112576
112581
112586
112587
112597
112598
112599
112603
112605
112656
112658
112693
112698
112700
112759
112784
112785
112786
112787
112821
112822
112931
112933
112939
112941
113007
113012
113021
113023
113063
113065
113072
113074
113088
113090
113141
113142
113148
113150
113159
113161
113172
113174
113190
113192
113207
113226
113234
113250
113275
113359
113361
113691
113695
113700
113703
113712
113715
113723
113725
113732
113737
113769
113778
113786
113796
113805
113819
113821
113827
113829
113835
113837
113843
113845
113852
113854
113856
113865
113875
113888
113896
113904
114135
114136
114137
114152
114157
114161
114165
114166
114170
114171
114172
114175
114176
114222
114224
114567
114625
114627
114641
114649
114657
114658
114664
114665
114669
114670
114685
114686
114716
114717
114719
114720
114746
114747
114786
114809
114888
114952
114954
115000
115016
115066
115074
115084
115092
115165
115174
115219
115259
115275
115294
115402
115403
115599
115614
115616
115642
115648
115650
115653
115662
115689
115690
115691
115692
115693
115694
115695
115797
115799
115806
115808
115815
115817
115823
115825
115839
115859
115886
115895
115903
115990
116217
116231
116275
116281
116283
116496
116559
116567
116618
116619
116620
116621
116637
116647
116649
116653
116657
116659
116665
116666
116668
116669
116670
116672
116673
116674
116863
117030
117033
117262
117263
117264
117266
117269
117277
117399
117409
117422
117425
117426
117427
117494
117495
117497
117499
117500
117523
117704
117705
117706
117774
117775
117869
117878
117886
117947
117984
117986
117996
117998
118005
118007
118056
118084
118437
118515
118516
118517
118689
118694
119221
119225
119529
119530
119531
119623
119637
120527
120800
120929
120938
121944
121946
122508
122511
123608
123609
123611
123670
123729
124115
124117
124126
124133
124135
124355
124368
124451
124459
124618
126456
126533
126570
126635
126707
126710
126888
126962
126967
127011
127013
127038
127040
127047
127049
127115
127169
127177
127320
127342
127343
127345
127352
127354
127433
127469
127478
127482
127483
127484
127786
127792
127816
127827
128010
128155
128393
128413
128522
128523
128656
128754
128767
128768
128769
128770
128776
128777
128781
128782
128783
128784
128785
128834
128854
128855
128856
128857
128859
128860
128861
128862
128919
128920
128921
128990
129000
129001
129002
129004
129032
129033
129034
129041
129044
129045
129077
129078
129079
129080
129084
129085
129086
129088
129089
129090
129096
129098
129099
129121
129122
129138
129139
129140
129142
129156
129217
129218
129220
129247
129261
129262
129316
129327
129375
129377
129428
129475
129540
129636
129638
129639
129664
129684
129754
129764
129845
129863
129905
130094
130096
130228
130717
130718
130719
130720
130730
130731
130732
130733
130762
130763
130764
130765
130770
130771
130772
130773
130818
130819
130820
130821
130850
130851
130852
130853
130858
130859
130860
130861
130891
130912
131062
131080
131084
131133
131135
131303
131304
131336
131341
131342
131343
131344
131345
131349
131353
131355
131356
131493
131606
131607
131622
131775
131777
131790
131809
131810
131822
131823
131824
131854
131855
131962
132093
132107
132185
132192
132225
132226
132227
132235
132354
132373
132374
132375
132382
132383
132431
132465
132466
132467
132468
132469
132473
132476
132481
132498
132500
132655
132665
132666
132667
132672
132681
132682
132683
132684
132745
132746
132754
132799
132851
132852
132854
132855
132856
132857
132858
132859
132860
132869
132870
132871
132886
132887
132888
132889
132890
132891
132892
132917
132918
132919
132920
132925
132926
132927
132928
132979
132980
132981
133007
133209
133219
133225
133234
133244
133311
133313
133334
133341
133343
133350
133352
133359
133361
133371
133461
133470
133471
133472
133473
133517
133523
133535
133544
133553
133565
133573
133583
133590
133592
133599
133601
133737
133751
133764
133772
133773
133781
133782
133792
133793
133818
133819
133820
133821
133854
133855
133956
133957
134027
134028
134029
134134
134135
134136
134137
134138
134164
134190
134194
134201
134202
134205
134206
134256
134318
134320
134327
134329
134336
134338
134345
134347
134354
134356
134398
134421
134432
134441
134450
134459
134487
134488
134489
134490
134491
134636
134648
134656
134726
134728
134733
134735
134747
134749
134817
134828
134829
134830
134831
135165
135166
135173
135174
135193
135195
135197
135213
135224
135225
135226
135231
135232
135234
135237
135238
135240
135297
135365
135367
135389
135402
135403
135405
135408
135409
135412
135417
135443
135450
135457
135695
135709
135711
135727
135738
135748
135815
135952
135954
136194
136221
136369
136370
136372
136597
140541
145811
145877
166006
166086
167445
167961
187499
187677
187678
187714
187715
187716
187717
187719
187761
187788
187789
187885
187931
187953
187954
2221072
